600
53 2118
535 1075
1851 1635
1385 1982
964 70
1563 3018
936 3473
1509 2680
1034 1556
3007 3299
1778 2086
2265 141
2930 2233
2295 971
1043 2537
2241 3405
888 645
101 1087
537 49
859 2691
698 2759
2328 2363
3258 2061
2858 3488
113 618
1852 212
2705 247
2957 2972
2492 1802
3094 1040
865 1643
594 2017
478 979
318 1019
2191 481
607 498
730 3399
2432 116
1230 2391
3417 917
1907 3335
1980 74
2890 1971
880 3079
3015 637
2906 2244
1986 1107
302 939
1291 2735
1420 103
1453 57
1783 3433
2638 1850
1082 2394
1822 953
2223 257
2028 1098
1419 159
705 1912
2823 58
1167 429
2947 208
3090 2649
1236 2717
521 2110
587 3234
203 1842
286 3403
1046 997
1012 2049
2657 953
2138 1418
3487 1239
2157 554
1944 1383
311 3068
2156 2054
2661 1571
3058 1624
1519 3052
2116 2584
3435 745
3140 3051
1731 2898
636 2260
760 1958
2096 3019
1162 781
76 281
925 2208
2642 1464
553 2813
1650 3072
2325 1150
1894 284
2209 975
2815 2170
2367 3121
412 2698
1318 1247
45 2126
37 2118
45 2110
53 2102
61 2110
527 1083
519 1075
527 1067
535 1059
543 1067
1843 1643
1835 1635
1843 1627
1851 1619
1859 1627
1377 1990
1369 1982
1377 1974
1385 1966
1393 1974
956 78
948 70
956 62
964 54
972 62
1555 3026
1547 3018
1555 3010
1563 3002
1571 3010
928 3481
920 3473
928 3465
936 3457
944 3465
1501 2688
1493 2680
1501 2672
1509 2664
1517 2672
1026 1564
1018 1556
1026 1548
1034 1540
1042 1548
2999 3307
2991 3299
2999 3291
3007 3283
3015 3291
1770 2094
1762 2086
1770 2078
1778 2070
1786 2078
2257 149
2249 141
2257 133
2265 125
2273 133
2922 2241
2914 2233
2922 2225
2930 2217
2938 2225
2287 979
2279 971
2287 963
2295 955
2303 963
1035 2545
1027 2537
1035 2529
1043 2521
1051 2529
2233 3413
2225 3405
2233 3397
2241 3389
2249 3397
880 653
872 645
880 637
888 629
896 637
93 1095
85 1087
93 1079
101 1071
109 1079
529 57
521 49
529 41
537 33
545 41
851 2699
843 2691
851 2683
859 2675
867 2683
690 2767
682 2759
690 2751
698 2743
706 2751
2320 2371
2312 2363
2320 2355
2328 2347
2336 2355
3250 2069
3242 2061
3250 2053
3258 2045
3266 2053
2850 3496
2842 3488
2850 3480
2858 3472
2866 3480
105 626
97 618
105 610
113 602
121 610
1844 220
1836 212
1844 204
1852 196
1860 204
2697 255
2689 247
2697 239
2705 231
2713 239
2949 2980
2941 2972
2949 2964
2957 2956
2965 2964
2484 1810
2476 1802
2484 1794
2492 1786
2500 1794
3086 1048
3078 1040
3086 1032
3094 1024
3102 1032
857 1651
849 1643
857 1635
865 1627
873 1635
586 2025
578 2017
586 2009
594 2001
602 2009
470 987
462 979
470 971
478 963
486 971
310 1027
302 1019
310 1011
318 1003
326 1011
2183 489
2175 481
2183 473
2191 465
2199 473
599 506
591 498
599 490
607 482
615 490
722 3407
714 3399
722 3391
730 3383
738 3391
2424 124
2416 116
2424 108
2432 100
2440 108
1222 2399
1214 2391
1222 2383
1230 2375
1238 2383
3409 925
3401 917
3409 909
3417 901
3425 909
1899 3343
1891 3335
1899 3327
1907 3319
1915 3327
1972 82
1964 74
1972 66
1980 58
1988 66
2882 1979
2874 1971
2882 1963
2890 1955
2898 1963
872 3087
864 3079
872 3071
880 3063
888 3071
3007 645
2999 637
3007 629
3015 621
3023 629
2898 2252
2890 2244
2898 2236
2906 2228
2914 2236
1978 1115
1970 1107
1978 1099
1986 1091
1994 1099
294 947
286 939
294 931
302 923
310 931
1283 2743
1275 2735
1283 2727
1291 2719
1299 2727
1412 111
1404 103
1412 95
1420 87
1428 95
1445 65
1437 57
1445 49
1453 41
1461 49
1775 3441
1767 3433
1775 3425
1783 3417
1791 3425
2630 1858
2622 1850
2630 1842
2638 1834
2646 1842
1074 2402
1066 2394
1074 2386
1082 2378
1090 2386
1814 961
1806 953
1814 945
1822 937
1830 945
2215 265
2207 257
2215 249
2223 241
2231 249
2020 1106
2012 1098
2020 1090
2028 1082
2036 1090
1411 167
1403 159
1411 151
1419 143
1427 151
697 1920
689 1912
697 1904
705 1896
713 1904
2815 66
2807 58
2815 50
2823 42
2831 50
1159 437
1151 429
1159 421
1167 413
1175 421
2939 216
2931 208
2939 200
2947 192
2955 200
3082 2657
3074 2649
3082 2641
3090 2633
3098 2641
1228 2725
1220 2717
1228 2709
1236 2701
1244 2709
513 2118
505 2110
513 2102
521 2094
529 2102
579 3242
571 3234
579 3226
587 3218
595 3226
195 1850
187 1842
195 1834
203 1826
211 1834
278 3411
270 3403
278 3395
286 3387
294 3395
1038 1005
1030 997
1038 989
1046 981
1054 989
1004 2057
996 2049
1004 2041
1012 2033
1020 2041
2649 961
2641 953
2649 945
2657 937
2665 945
2130 1426
2122 1418
2130 1410
2138 1402
2146 1410
3479 1247
3471 1239
3479 1231
3487 1223
3495 1231
2149 562
2141 554
2149 546
2157 538
2165 546
1936 1391
1928 1383
1936 1375
1944 1367
1952 1375
303 3076
295 3068
303 3060
311 3052
319 3060
2148 2062
2140 2054
2148 2046
2156 2038
2164 2046
2653 1579
2645 1571
2653 1563
2661 1555
2669 1563
3050 1632
3042 1624
3050 1616
3058 1608
3066 1616
1511 3060
1503 3052
1511 3044
1519 3036
1527 3044
2108 2592
2100 2584
2108 2576
2116 2568
2124 2576
3427 753
3419 745
3427 737
3435 729
3443 737
3132 3059
3124 3051
3132 3043
3140 3035
3148 3043
1723 2906
1715 2898
1723 2890
1731 2882
1739 2890
628 2268
620 2260
628 2252
636 2244
644 2252
752 1966
744 1958
752 1950
760 1942
768 1950
2088 3027
2080 3019
2088 3011
2096 3003
2104 3011
1154 789
1146 781
1154 773
1162 765
1170 773
68 289
60 281
68 273
76 265
84 273
917 2216
909 2208
917 2200
925 2192
933 2200
2634 1472
2626 1464
2634 1456
2642 1448
2650 1456
545 2821
537 2813
545 2805
553 2797
561 2805
1642 3080
1634 3072
1642 3064
1650 3056
1658 3064
2317 1158
2309 1150
2317 1142
2325 1134
2333 1142
1886 292
1878 284
1886 276
1894 268
1902 276
2201 983
2193 975
2201 967
2209 959
2217 967
2807 2178
2799 2170
2807 2162
2815 2154
2823 2162
2359 3129
2351 3121
2359 3113
2367 3105
2375 3113
404 2706
396 2698
404 2690
412 2682
420 2690
1310 1255
1302 1247
1310 1239
1318 1231
1326 1239
