600
1907 1984
959 1886
1497 1679
484 731
743 1305
1423 1548
908 1877
1914 451
882 353
1625 1616
1279 1498
1853 348
1638 437
1923 334
1385 225
740 499
1032 832
334 1857
993 1583
1435 1368
1228 628
1160 1091
974 984
335 1902
1916 1142
1940 356
955 720
566 372
1645 1709
200 688
1497 654
782 335
1338 536
1708 603
770 1784
280 619
1353 735
1931 193
453 1461
1004 244
1612 1334
1931 958
916 747
288 9
1953 956
469 16
270 845
764 1125
1236 909
141 1851
1772 1184
205 1530
1669 626
669 446
952 72
276 49
1818 1116
1449 1687
144 1848
1664 1883
114 1279
1813 1233
297 586
1213 484
699 1443
1233 1298
506 1066
991 838
354 1967
481 712
193 294
60 328
828 606
1403 1914
379 1116
752 165
1175 1495
1635 1537
149 1644
1955 1901
50 1279
1940 799
1096 1625
65 1832
66 1702
215 979
325 886
116 1413
1545 1050
224 492
9 22
416 1474
911 212
141 1642
1576 130
1503 1761
608 663
898 1832
1990 307
699 764
1897 1994
1887 1984
1897 1974
1907 1964
1917 1974
949 1896
939 1886
949 1876
959 1866
969 1876
1487 1689
1477 1679
1487 1669
1497 1659
1507 1669
474 741
464 731
474 721
484 711
494 721
733 1315
723 1305
733 1295
743 1285
753 1295
1413 1558
1403 1548
1413 1538
1423 1528
1433 1538
898 1887
888 1877
898 1867
908 1857
918 1867
1904 461
1894 451
1904 441
1914 431
1924 441
872 363
862 353
872 343
882 333
892 343
1615 1626
1605 1616
1615 1606
1625 1596
1635 1606
1269 1508
1259 1498
1269 1488
1279 1478
1289 1488
1843 358
1833 348
1843 338
1853 328
1863 338
1628 447
1618 437
1628 427
1638 417
1648 427
1913 344
1903 334
1913 324
1923 314
1933 324
1375 235
1365 225
1375 215
1385 205
1395 215
730 509
720 499
730 489
740 479
750 489
1022 842
1012 832
1022 822
1032 812
1042 822
324 1867
314 1857
324 1847
334 1837
344 1847
983 1593
973 1583
983 1573
993 1563
1003 1573
1425 1378
1415 1368
1425 1358
1435 1348
1445 1358
1218 638
1208 628
1218 618
1228 608
1238 618
1150 1101
1140 1091
1150 1081
1160 1071
1170 1081
964 994
954 984
964 974
974 964
984 974
325 1912
315 1902
325 1892
335 1882
345 1892
1906 1152
1896 1142
1906 1132
1916 1122
1926 1132
1930 366
1920 356
1930 346
1940 336
1950 346
945 730
935 720
945 710
955 700
965 710
556 382
546 372
556 362
566 352
576 362
1635 1719
1625 1709
1635 1699
1645 1689
1655 1699
190 698
180 688
190 678
200 668
210 678
1487 664
1477 654
1487 644
1497 634
1507 644
772 345
762 335
772 325
782 315
792 325
1328 546
1318 536
1328 526
1338 516
1348 526
1698 613
1688 603
1698 593
1708 583
1718 593
760 1794
750 1784
760 1774
770 1764
780 1774
270 629
260 619
270 609
280 599
290 609
1343 745
1333 735
1343 725
1353 715
1363 725
1921 203
1911 193
1921 183
1931 173
1941 183
443 1471
433 1461
443 1451
453 1441
463 1451
994 254
984 244
994 234
1004 224
1014 234
1602 1344
1592 1334
1602 1324
1612 1314
1622 1324
1921 968
1911 958
1921 948
1931 938
1941 948
906 757
896 747
906 737
916 727
926 737
278 19
268 9
278 -1
288 -11
298 -1
1943 966
1933 956
1943 946
1953 936
1963 946
459 26
449 16
459 6
469 -4
479 6
260 855
250 845
260 835
270 825
280 835
754 1135
744 1125
754 1115
764 1105
774 1115
1226 919
1216 909
1226 899
1236 889
1246 899
131 1861
121 1851
131 1841
141 1831
151 1841
1762 1194
1752 1184
1762 1174
1772 1164
1782 1174
195 1540
185 1530
195 1520
205 1510
215 1520
1659 636
1649 626
1659 616
1669 606
1679 616
659 456
649 446
659 436
669 426
679 436
942 82
932 72
942 62
952 52
962 62
266 59
256 49
266 39
276 29
286 39
1808 1126
1798 1116
1808 1106
1818 1096
1828 1106
1439 1697
1429 1687
1439 1677
1449 1667
1459 1677
134 1858
124 1848
134 1838
144 1828
154 1838
1654 1893
1644 1883
1654 1873
1664 1863
1674 1873
104 1289
94 1279
104 1269
114 1259
124 1269
1803 1243
1793 1233
1803 1223
1813 1213
1823 1223
287 596
277 586
287 576
297 566
307 576
1203 494
1193 484
1203 474
1213 464
1223 474
689 1453
679 1443
689 1433
699 1423
709 1433
1223 1308
1213 1298
1223 1288
1233 1278
1243 1288
496 1076
486 1066
496 1056
506 1046
516 1056
981 848
971 838
981 828
991 818
1001 828
344 1977
334 1967
344 1957
354 1947
364 1957
471 722
461 712
471 702
481 692
491 702
183 304
173 294
183 284
193 274
203 284
50 338
40 328
50 318
60 308
70 318
818 616
808 606
818 596
828 586
838 596
1393 1924
1383 1914
1393 1904
1403 1894
1413 1904
369 1126
359 1116
369 1106
379 1096
389 1106
742 175
732 165
742 155
752 145
762 155
1165 1505
1155 1495
1165 1485
1175 1475
1185 1485
1625 1547
1615 1537
1625 1527
1635 1517
1645 1527
139 1654
129 1644
139 1634
149 1624
159 1634
1945 1911
1935 1901
1945 1891
1955 1881
1965 1891
40 1289
30 1279
40 1269
50 1259
60 1269
1930 809
1920 799
1930 789
1940 779
1950 789
1086 1635
1076 1625
1086 1615
1096 1605
1106 1615
55 1842
45 1832
55 1822
65 1812
75 1822
56 1712
46 1702
56 1692
66 1682
76 1692
205 989
195 979
205 969
215 959
225 969
315 896
305 886
315 876
325 866
335 876
106 1423
96 1413
106 1403
116 1393
126 1403
1535 1060
1525 1050
1535 1040
1545 1030
1555 1040
214 502
204 492
214 482
224 472
234 482
-1 32
-11 22
-1 12
9 2
19 12
406 1484
396 1474
406 1464
416 1454
426 1464
901 222
891 212
901 202
911 192
921 202
131 1652
121 1642
131 1632
141 1622
151 1632
1566 140
1556 130
1566 120
1576 110
1586 120
1493 1771
1483 1761
1493 1751
1503 1741
1513 1751
598 673
588 663
598 653
608 643
618 653
888 1842
878 1832
888 1822
898 1812
908 1822
1980 317
1970 307
1980 297
1990 287
2000 297
689 774
679 764
689 754
699 744
709 754
