600
997 1230
653 862
378 1628
1889 1673
1750 1605
93 1111
1652 1690
288 1415
281 1289
1366 809
405 1430
204 115
1889 1212
1030 316
275 1479
496 18
1839 1082
483 1217
1988 1941
1357 81
1312 32
1866 377
1578 1916
1814 152
1603 79
888 1295
1468 633
300 1627
138 852
1097 790
62 229
1813 759
1382 1268
181 858
1347 1836
1593 1568
18 923
279 1297
1427 1627
680 908
374 973
850 658
1757 84
1038 1361
17 498
1499 1668
1947 100
1189 693
1662 1591
265 1602
318 1280
560 1781
1706 1889
1190 221
97 672
1693 573
107 733
1852 1678
159 689
305 441
1404 1720
1598 1878
1604 1726
158 36
335 1725
520 1260
1230 1656
1314 88
208 798
403 1932
1615 1630
211 1165
1666 1770
608 1421
1715 811
759 811
937 463
1490 17
399 138
214 719
1578 765
1666 634
451 1480
816 1389
91 143
1977 1774
436 761
1165 1809
1658 1362
889 577
1405 852
232 792
610 1670
1084 1402
1361 1578
1722 1008
249 1571
1943 1130
73 1281
177 525
987 1240
977 1230
987 1220
997 1210
1007 1220
643 872
633 862
643 852
653 842
663 852
368 1638
358 1628
368 1618
378 1608
388 1618
1879 1683
1869 1673
1879 1663
1889 1653
1899 1663
1740 1615
1730 1605
1740 1595
1750 1585
1760 1595
83 1121
73 1111
83 1101
93 1091
103 1101
1642 1700
1632 1690
1642 1680
1652 1670
1662 1680
278 1425
268 1415
278 1405
288 1395
298 1405
271 1299
261 1289
271 1279
281 1269
291 1279
1356 819
1346 809
1356 799
1366 789
1376 799
395 1440
385 1430
395 1420
405 1410
415 1420
194 125
184 115
194 105
204 95
214 105
1879 1222
1869 1212
1879 1202
1889 1192
1899 1202
1020 326
1010 316
1020 306
1030 296
1040 306
265 1489
255 1479
265 1469
275 1459
285 1469
486 28
476 18
486 8
496 -2
506 8
1829 1092
1819 1082
1829 1072
1839 1062
1849 1072
473 1227
463 1217
473 1207
483 1197
493 1207
1978 1951
1968 1941
1978 1931
1988 1921
1998 1931
1347 91
1337 81
1347 71
1357 61
1367 71
1302 42
1292 32
1302 22
1312 12
1322 22
1856 387
1846 377
1856 367
1866 357
1876 367
1568 1926
1558 1916
1568 1906
1578 1896
1588 1906
1804 162
1794 152
1804 142
1814 132
1824 142
1593 89
1583 79
1593 69
1603 59
1613 69
878 1305
868 1295
878 1285
888 1275
898 1285
1458 643
1448 633
1458 623
1468 613
1478 623
290 1637
280 1627
290 1617
300 1607
310 1617
128 862
118 852
128 842
138 832
148 842
1087 800
1077 790
1087 780
1097 770
1107 780
52 239
42 229
52 219
62 209
72 219
1803 769
1793 759
1803 749
1813 739
1823 749
1372 1278
1362 1268
1372 1258
1382 1248
1392 1258
171 868
161 858
171 848
181 838
191 848
1337 1846
1327 1836
1337 1826
1347 1816
1357 1826
1583 1578
1573 1568
1583 1558
1593 1548
1603 1558
8 933
-2 923
8 913
18 903
28 913
269 1307
259 1297
269 1287
279 1277
289 1287
1417 1637
1407 1627
1417 1617
1427 1607
1437 1617
670 918
660 908
670 898
680 888
690 898
364 983
354 973
364 963
374 953
384 963
840 668
830 658
840 648
850 638
860 648
1747 94
1737 84
1747 74
1757 64
1767 74
1028 1371
1018 1361
1028 1351
1038 1341
1048 1351
7 508
-3 498
7 488
17 478
27 488
1489 1678
1479 1668
1489 1658
1499 1648
1509 1658
1937 110
1927 100
1937 90
1947 80
1957 90
1179 703
1169 693
1179 683
1189 673
1199 683
1652 1601
1642 1591
1652 1581
1662 1571
1672 1581
255 1612
245 1602
255 1592
265 1582
275 1592
308 1290
298 1280
308 1270
318 1260
328 1270
550 1791
540 1781
550 1771
560 1761
570 1771
1696 1899
1686 1889
1696 1879
1706 1869
1716 1879
1180 231
1170 221
1180 211
1190 201
1200 211
87 682
77 672
87 662
97 652
107 662
1683 583
1673 573
1683 563
1693 553
1703 563
97 743
87 733
97 723
107 713
117 723
1842 1688
1832 1678
1842 1668
1852 1658
1862 1668
149 699
139 689
149 679
159 669
169 679
295 451
285 441
295 431
305 421
315 431
1394 1730
1384 1720
1394 1710
1404 1700
1414 1710
1588 1888
1578 1878
1588 1868
1598 1858
1608 1868
1594 1736
1584 1726
1594 1716
1604 1706
1614 1716
148 46
138 36
148 26
158 16
168 26
325 1735
315 1725
325 1715
335 1705
345 1715
510 1270
500 1260
510 1250
520 1240
530 1250
1220 1666
1210 1656
1220 1646
1230 1636
1240 1646
1304 98
1294 88
1304 78
1314 68
1324 78
198 808
188 798
198 788
208 778
218 788
393 1942
383 1932
393 1922
403 1912
413 1922
1605 1640
1595 1630
1605 1620
1615 1610
1625 1620
201 1175
191 1165
201 1155
211 1145
221 1155
1656 1780
1646 1770
1656 1760
1666 1750
1676 1760
598 1431
588 1421
598 1411
608 1401
618 1411
1705 821
1695 811
1705 801
1715 791
1725 801
749 821
739 811
749 801
759 791
769 801
927 473
917 463
927 453
937 443
947 453
1480 27
1470 17
1480 7
1490 -3
1500 7
389 148
379 138
389 128
399 118
409 128
204 729
194 719
204 709
214 699
224 709
1568 775
1558 765
1568 755
1578 745
1588 755
1656 644
1646 634
1656 624
1666 614
1676 624
441 1490
431 1480
441 1470
451 1460
461 1470
806 1399
796 1389
806 1379
816 1369
826 1379
81 153
71 143
81 133
91 123
101 133
1967 1784
1957 1774
1967 1764
1977 1754
1987 1764
426 771
416 761
426 751
436 741
446 751
1155 1819
1145 1809
1155 1799
1165 1789
1175 1799
1648 1372
1638 1362
1648 1352
1658 1342
1668 1352
879 587
869 577
879 567
889 557
899 567
1395 862
1385 852
1395 842
1405 832
1415 842
222 802
212 792
222 782
232 772
242 782
600 1680
590 1670
600 1660
610 1650
620 1660
1074 1412
1064 1402
1074 1392
1084 1382
1094 1392
1351 1588
1341 1578
1351 1568
1361 1558
1371 1568
1712 1018
1702 1008
1712 998
1722 988
1732 998
239 1581
229 1571
239 1561
249 1551
259 1561
1933 1140
1923 1130
1933 1120
1943 1110
1953 1120
63 1291
53 1281
63 1271
73 1261
83 1271
167 535
157 525
167 515
177 505
187 515
