1020
1012 435
3245 1553
1012 502
1411 2847
141 1454
1104 414
2615 323
2803 2780
1220 2720
2290 1609
461 1957
2177 3085
2092 517
2697 2472
258 1987
1082 743
1210 2736
1650 3055
109 305
2607 3386
2395 1868
801 105
907 86
3176 2364
490 976
3120 2741
359 1896
1012 875
766 1109
2298 1574
433 23
2841 904
367 1423
1629 1548
781 862
1007 1283
1886 2999
1367 2038
1389 2318
269 3341
1003 1668
3363 3412
3418 1077
2696 3129
2144 251
2071 2711
2313 759
3018 1424
1796 2005
2822 2691
2057 1800
634 2787
2068 1973
1034 2126
1609 3267
3474 1638
3366 3297
2595 958
1267 3398
133 612
112 2819
1703 170
1971 84
281 2305
2583 3319
2492 3447
603 1058
2858 3079
696 2359
3319 2991
1995 739
272 58
2182 2292
2479 3429
3337 1056
2515 77
77 609
2298 1287
1214 1765
1139 1267
3061 3076
1894 1404
2520 2414
1750 3182
2884 554
3047 579
1079 3033
2510 2899
1499 883
2043 504
1083 3275
1497 2384
3425 273
728 1986
2105 500
93 1103
1967 3452
3004 1927
2231 2989
3491 1390
3317 1330
1128 2919
2725 2958
1900 566
2213 1523
2183 82
1565 2754
2015 3211
2401 583
678 528
355 1785
3287 1911
2996 2675
69 1974
1993 1695
560 2881
2893 148
807 2248
2120 1524
1179 2230
2159 1848
3267 1114
1245 1609
1021 2845
1346 1031
1792 916
2548 2692
3143 2565
2909 1842
485 140
1737 1308
1393 389
2887 109
1179 2456
1407 3057
2024 747
166 3092
2021 2163
2018 2204
2472 144
1310 1291
2181 1410
1645 1135
905 2348
2422 2727
1508 1959
1427 1244
140 1373
2878 3093
3472 2084
2716 2547
1618 1061
241 3475
712 3023
1275 503
457 834
974 3160
665 911
2165 698
2004 3071
2285 10
3190 1226
3185 209
3462 3048
3245 2127
1291 105
1559 359
3290 1738
1902 1679
3425 2904
1004 443
996 435
1004 427
1012 419
1020 427
3237 1561
3229 1553
3237 1545
3245 1537
3253 1545
1004 510
996 502
1004 494
1012 486
1020 494
1403 2855
1395 2847
1403 2839
1411 2831
1419 2839
133 1462
125 1454
133 1446
141 1438
149 1446
1096 422
1088 414
1096 406
1104 398
1112 406
2607 331
2599 323
2607 315
2615 307
2623 315
2795 2788
2787 2780
2795 2772
2803 2764
2811 2772
1212 2728
1204 2720
1212 2712
1220 2704
1228 2712
2282 1617
2274 1609
2282 1601
2290 1593
2298 1601
453 1965
445 1957
453 1949
461 1941
469 1949
2169 3093
2161 3085
2169 3077
2177 3069
2185 3077
2084 525
2076 517
2084 509
2092 501
2100 509
2689 2480
2681 2472
2689 2464
2697 2456
2705 2464
250 1995
242 1987
250 1979
258 1971
266 1979
1074 751
1066 743
1074 735
1082 727
1090 735
1202 2744
1194 2736
1202 2728
1210 2720
1218 2728
1642 3063
1634 3055
1642 3047
1650 3039
1658 3047
101 313
93 305
101 297
109 289
117 297
2599 3394
2591 3386
2599 3378
2607 3370
2615 3378
2387 1876
2379 1868
2387 1860
2395 1852
2403 1860
793 113
785 105
793 97
801 89
809 97
899 94
891 86
899 78
907 70
915 78
3168 2372
3160 2364
3168 2356
3176 2348
3184 2356
482 984
474 976
482 968
490 960
498 968
3112 2749
3104 2741
3112 2733
3120 2725
3128 2733
351 1904
343 1896
351 1888
359 1880
367 1888
1004 883
996 875
1004 867
1012 859
1020 867
758 1117
750 1109
758 1101
766 1093
774 1101
2290 1582
2282 1574
2290 1566
2298 1558
2306 1566
425 31
417 23
425 15
433 7
441 15
2833 912
2825 904
2833 896
2841 888
2849 896
359 1431
351 1423
359 1415
367 1407
375 1415
1621 1556
1613 1548
1621 1540
1629 1532
1637 1540
773 870
765 862
773 854
781 846
789 854
999 1291
991 1283
999 1275
1007 1267
1015 1275
1878 3007
1870 2999
1878 2991
1886 2983
1894 2991
1359 2046
1351 2038
1359 2030
1367 2022
1375 2030
1381 2326
1373 2318
1381 2310
1389 2302
1397 2310
261 3349
253 3341
261 3333
269 3325
277 3333
995 1676
987 1668
995 1660
1003 1652
1011 1660
3355 3420
3347 3412
3355 3404
3363 3396
3371 3404
3410 1085
3402 1077
3410 1069
3418 1061
3426 1069
2688 3137
2680 3129
2688 3121
2696 3113
2704 3121
2136 259
2128 251
2136 243
2144 235
2152 243
2063 2719
2055 2711
2063 2703
2071 2695
2079 2703
2305 767
2297 759
2305 751
2313 743
2321 751
3010 1432
3002 1424
3010 1416
3018 1408
3026 1416
1788 2013
1780 2005
1788 1997
1796 1989
1804 1997
2814 2699
2806 2691
2814 2683
2822 2675
2830 2683
2049 1808
2041 1800
2049 1792
2057 1784
2065 1792
626 2795
618 2787
626 2779
634 2771
642 2779
2060 1981
2052 1973
2060 1965
2068 1957
2076 1965
1026 2134
1018 2126
1026 2118
1034 2110
1042 2118
1601 3275
1593 3267
1601 3259
1609 3251
1617 3259
3466 1646
3458 1638
3466 1630
3474 1622
3482 1630
3358 3305
3350 3297
3358 3289
3366 3281
3374 3289
2587 966
2579 958
2587 950
2595 942
2603 950
1259 3406
1251 3398
1259 3390
1267 3382
1275 3390
125 620
117 612
125 604
133 596
141 604
104 2827
96 2819
104 2811
112 2803
120 2811
1695 178
1687 170
1695 162
1703 154
1711 162
1963 92
1955 84
1963 76
1971 68
1979 76
273 2313
265 2305
273 2297
281 2289
289 2297
2575 3327
2567 3319
2575 3311
2583 3303
2591 3311
2484 3455
2476 3447
2484 3439
2492 3431
2500 3439
595 1066
587 1058
595 1050
603 1042
611 1050
2850 3087
2842 3079
2850 3071
2858 3063
2866 3071
688 2367
680 2359
688 2351
696 2343
704 2351
3311 2999
3303 2991
3311 2983
3319 2975
3327 2983
1987 747
1979 739
1987 731
1995 723
2003 731
264 66
256 58
264 50
272 42
280 50
2174 2300
2166 2292
2174 2284
2182 2276
2190 2284
2471 3437
2463 3429
2471 3421
2479 3413
2487 3421
3329 1064
3321 1056
3329 1048
3337 1040
3345 1048
2507 85
2499 77
2507 69
2515 61
2523 69
69 617
61 609
69 601
77 593
85 601
2290 1295
2282 1287
2290 1279
2298 1271
2306 1279
1206 1773
1198 1765
1206 1757
1214 1749
1222 1757
1131 1275
1123 1267
1131 1259
1139 1251
1147 1259
3053 3084
3045 3076
3053 3068
3061 3060
3069 3068
1886 1412
1878 1404
1886 1396
1894 1388
1902 1396
2512 2422
2504 2414
2512 2406
2520 2398
2528 2406
1742 3190
1734 3182
1742 3174
1750 3166
1758 3174
2876 562
2868 554
2876 546
2884 538
2892 546
3039 587
3031 579
3039 571
3047 563
3055 571
1071 3041
1063 3033
1071 3025
1079 3017
1087 3025
2502 2907
2494 2899
2502 2891
2510 2883
2518 2891
1491 891
1483 883
1491 875
1499 867
1507 875
2035 512
2027 504
2035 496
2043 488
2051 496
1075 3283
1067 3275
1075 3267
1083 3259
1091 3267
1489 2392
1481 2384
1489 2376
1497 2368
1505 2376
3417 281
3409 273
3417 265
3425 257
3433 265
720 1994
712 1986
720 1978
728 1970
736 1978
2097 508
2089 500
2097 492
2105 484
2113 492
85 1111
77 1103
85 1095
93 1087
101 1095
1959 3460
1951 3452
1959 3444
1967 3436
1975 3444
2996 1935
2988 1927
2996 1919
3004 1911
3012 1919
2223 2997
2215 2989
2223 2981
2231 2973
2239 2981
3483 1398
3475 1390
3483 1382
3491 1374
3499 1382
3309 1338
3301 1330
3309 1322
3317 1314
3325 1322
1120 2927
1112 2919
1120 2911
1128 2903
1136 2911
2717 2966
2709 2958
2717 2950
2725 2942
2733 2950
1892 574
1884 566
1892 558
1900 550
1908 558
2205 1531
2197 1523
2205 1515
2213 1507
2221 1515
2175 90
2167 82
2175 74
2183 66
2191 74
1557 2762
1549 2754
1557 2746
1565 2738
1573 2746
2007 3219
1999 3211
2007 3203
2015 3195
2023 3203
2393 591
2385 583
2393 575
2401 567
2409 575
670 536
662 528
670 520
678 512
686 520
347 1793
339 1785
347 1777
355 1769
363 1777
3279 1919
3271 1911
3279 1903
3287 1895
3295 1903
2988 2683
2980 2675
2988 2667
2996 2659
3004 2667
61 1982
53 1974
61 1966
69 1958
77 1966
1985 1703
1977 1695
1985 1687
1993 1679
2001 1687
552 2889
544 2881
552 2873
560 2865
568 2873
2885 156
2877 148
2885 140
2893 132
2901 140
799 2256
791 2248
799 2240
807 2232
815 2240
2112 1532
2104 1524
2112 1516
2120 1508
2128 1516
1171 2238
1163 2230
1171 2222
1179 2214
1187 2222
2151 1856
2143 1848
2151 1840
2159 1832
2167 1840
3259 1122
3251 1114
3259 1106
3267 1098
3275 1106
1237 1617
1229 1609
1237 1601
1245 1593
1253 1601
1013 2853
1005 2845
1013 2837
1021 2829
1029 2837
1338 1039
1330 1031
1338 1023
1346 1015
1354 1023
1784 924
1776 916
1784 908
1792 900
1800 908
2540 2700
2532 2692
2540 2684
2548 2676
2556 2684
3135 2573
3127 2565
3135 2557
3143 2549
3151 2557
2901 1850
2893 1842
2901 1834
2909 1826
2917 1834
477 148
469 140
477 132
485 124
493 132
1729 1316
1721 1308
1729 1300
1737 1292
1745 1300
1385 397
1377 389
1385 381
1393 373
1401 381
2879 117
2871 109
2879 101
2887 93
2895 101
1171 2464
1163 2456
1171 2448
1179 2440
1187 2448
1399 3065
1391 3057
1399 3049
1407 3041
1415 3049
2016 755
2008 747
2016 739
2024 731
2032 739
158 3100
150 3092
158 3084
166 3076
174 3084
2013 2171
2005 2163
2013 2155
2021 2147
2029 2155
2010 2212
2002 2204
2010 2196
2018 2188
2026 2196
2464 152
2456 144
2464 136
2472 128
2480 136
1302 1299
1294 1291
1302 1283
1310 1275
1318 1283
2173 1418
2165 1410
2173 1402
2181 1394
2189 1402
1637 1143
1629 1135
1637 1127
1645 1119
1653 1127
897 2356
889 2348
897 2340
905 2332
913 2340
2414 2735
2406 2727
2414 2719
2422 2711
2430 2719
1500 1967
1492 1959
1500 1951
1508 1943
1516 1951
1419 1252
1411 1244
1419 1236
1427 1228
1435 1236
132 1381
124 1373
132 1365
140 1357
148 1365
2870 3101
2862 3093
2870 3085
2878 3077
2886 3085
3464 2092
3456 2084
3464 2076
3472 2068
3480 2076
2708 2555
2700 2547
2708 2539
2716 2531
2724 2539
1610 1069
1602 1061
1610 1053
1618 1045
1626 1053
233 3483
225 3475
233 3467
241 3459
249 3467
704 3031
696 3023
704 3015
712 3007
720 3015
1267 511
1259 503
1267 495
1275 487
1283 495
449 842
441 834
449 826
457 818
465 826
966 3168
958 3160
966 3152
974 3144
982 3152
657 919
649 911
657 903
665 895
673 903
2157 706
2149 698
2157 690
2165 682
2173 690
1996 3079
1988 3071
1996 3063
2004 3055
2012 3063
2277 18
2269 10
2277 2
2285 -6
2293 2
3182 1234
3174 1226
3182 1218
3190 1210
3198 1218
3177 217
3169 209
3177 201
3185 193
3193 201
3454 3056
3446 3048
3454 3040
3462 3032
3470 3040
3237 2135
3229 2127
3237 2119
3245 2111
3253 2119
1283 113
1275 105
1283 97
1291 89
1299 97
1551 367
1543 359
1551 351
1559 343
1567 351
3282 1746
3274 1738
3282 1730
3290 1722
3298 1730
1894 1687
1886 1679
1894 1671
1902 1663
1910 1671
3417 2912
3409 2904
3417 2896
3425 2888
3433 2896
