1020
651 2928
823 2214
744 225
4 228
3318 1402
3056 3369
1272 2543
1463 1962
918 2703
620 3297
2709 3391
3469 1821
483 519
1429 2491
2100 2881
303 1797
2375 106
3090 2642
607 209
451 2250
1608 912
448 1956
1332 1113
2548 180
1315 1198
2971 799
1284 1524
610 739
753 2182
2792 1344
3182 2258
1156 439
2338 998
2634 274
1843 19
2664 1876
1018 846
293 358
270 2194
3334 758
433 0
1614 2697
3412 1661
3041 2227
1044 115
241 730
790 1912
75 830
2505 2782
1018 1811
410 2867
3390 1274
2287 2998
2980 2107
2715 2038
2268 943
3272 1276
828 252
3349 468
739 2259
165 1459
2662 301
1011 1800
3417 1409
3064 2320
1993 1227
696 944
2225 1529
2766 3310
105 2767
1507 786
592 3294
1768 1628
770 1612
919 2848
3043 979
2460 1485
1510 1623
819 2167
2622 2693
3274 1253
1975 3104
786 1804
1163 2452
376 375
823 1620
1838 1571
474 3322
312 3291
719 3206
198 2151
562 1975
15 2763
19 3136
2179 2740
986 1589
3408 2805
713 645
1922 1280
2674 2561
3352 1952
2139 1073
411 638
2835 905
2155 2202
197 2447
1367 217
2514 146
2615 2052
3213 112
1294 3285
3403 3299
1879 1697
1479 849
777 1087
3427 2586
3194 87
571 2174
186 1647
2082 2848
1657 2062
1268 1680
3477 763
766 520
1846 1698
1979 1424
324 3415
3147 3086
2456 2040
2050 3479
352 2223
3263 837
2979 3121
2826 3361
2087 2400
1985 3238
2510 2069
2951 1019
397 553
1320 3243
1461 2413
2213 1783
216 2330
2945 2401
2815 1501
162 490
1566 283
1068 2925
2597 470
948 1328
765 1979
1689 703
1596 620
2035 659
3113 2951
1266 1036
711 3452
323 1774
693 2077
1159 244
2895 458
2894 636
142 1161
1191 94
616 489
3028 3463
1631 1771
2767 1071
1876 3443
2788 2767
643 2936
635 2928
643 2920
651 2912
659 2920
815 2222
807 2214
815 2206
823 2198
831 2206
736 233
728 225
736 217
744 209
752 217
-4 236
-12 228
-4 220
4 212
12 220
3310 1410
3302 1402
3310 1394
3318 1386
3326 1394
3048 3377
3040 3369
3048 3361
3056 3353
3064 3361
1264 2551
1256 2543
1264 2535
1272 2527
1280 2535
1455 1970
1447 1962
1455 1954
1463 1946
1471 1954
910 2711
902 2703
910 2695
918 2687
926 2695
612 3305
604 3297
612 3289
620 3281
628 3289
2701 3399
2693 3391
2701 3383
2709 3375
2717 3383
3461 1829
3453 1821
3461 1813
3469 1805
3477 1813
475 527
467 519
475 511
483 503
491 511
1421 2499
1413 2491
1421 2483
1429 2475
1437 2483
2092 2889
2084 2881
2092 2873
2100 2865
2108 2873
295 1805
287 1797
295 1789
303 1781
311 1789
2367 114
2359 106
2367 98
2375 90
2383 98
3082 2650
3074 2642
3082 2634
3090 2626
3098 2634
599 217
591 209
599 201
607 193
615 201
443 2258
435 2250
443 2242
451 2234
459 2242
1600 920
1592 912
1600 904
1608 896
1616 904
440 1964
432 1956
440 1948
448 1940
456 1948
1324 1121
1316 1113
1324 1105
1332 1097
1340 1105
2540 188
2532 180
2540 172
2548 164
2556 172
1307 1206
1299 1198
1307 1190
1315 1182
1323 1190
2963 807
2955 799
2963 791
2971 783
2979 791
1276 1532
1268 1524
1276 1516
1284 1508
1292 1516
602 747
594 739
602 731
610 723
618 731
745 2190
737 2182
745 2174
753 2166
761 2174
2784 1352
2776 1344
2784 1336
2792 1328
2800 1336
3174 2266
3166 2258
3174 2250
3182 2242
3190 2250
1148 447
1140 439
1148 431
1156 423
1164 431
2330 1006
2322 998
2330 990
2338 982
2346 990
2626 282
2618 274
2626 266
2634 258
2642 266
1835 27
1827 19
1835 11
1843 3
1851 11
2656 1884
2648 1876
2656 1868
2664 1860
2672 1868
1010 854
1002 846
1010 838
1018 830
1026 838
285 366
277 358
285 350
293 342
301 350
262 2202
254 2194
262 2186
270 2178
278 2186
3326 766
3318 758
3326 750
3334 742
3342 750
425 8
417 0
425 -8
433 -16
441 -8
1606 2705
1598 2697
1606 2689
1614 2681
1622 2689
3404 1669
3396 1661
3404 1653
3412 1645
3420 1653
3033 2235
3025 2227
3033 2219
3041 2211
3049 2219
1036 123
1028 115
1036 107
1044 99
1052 107
233 738
225 730
233 722
241 714
249 722
782 1920
774 1912
782 1904
790 1896
798 1904
67 838
59 830
67 822
75 814
83 822
2497 2790
2489 2782
2497 2774
2505 2766
2513 2774
1010 1819
1002 1811
1010 1803
1018 1795
1026 1803
402 2875
394 2867
402 2859
410 2851
418 2859
3382 1282
3374 1274
3382 1266
3390 1258
3398 1266
2279 3006
2271 2998
2279 2990
2287 2982
2295 2990
2972 2115
2964 2107
2972 2099
2980 2091
2988 2099
2707 2046
2699 2038
2707 2030
2715 2022
2723 2030
2260 951
2252 943
2260 935
2268 927
2276 935
3264 1284
3256 1276
3264 1268
3272 1260
3280 1268
820 260
812 252
820 244
828 236
836 244
3341 476
3333 468
3341 460
3349 452
3357 460
731 2267
723 2259
731 2251
739 2243
747 2251
157 1467
149 1459
157 1451
165 1443
173 1451
2654 309
2646 301
2654 293
2662 285
2670 293
1003 1808
995 1800
1003 1792
1011 1784
1019 1792
3409 1417
3401 1409
3409 1401
3417 1393
3425 1401
3056 2328
3048 2320
3056 2312
3064 2304
3072 2312
1985 1235
1977 1227
1985 1219
1993 1211
2001 1219
688 952
680 944
688 936
696 928
704 936
2217 1537
2209 1529
2217 1521
2225 1513
2233 1521
2758 3318
2750 3310
2758 3302
2766 3294
2774 3302
97 2775
89 2767
97 2759
105 2751
113 2759
1499 794
1491 786
1499 778
1507 770
1515 778
584 3302
576 3294
584 3286
592 3278
600 3286
1760 1636
1752 1628
1760 1620
1768 1612
1776 1620
762 1620
754 1612
762 1604
770 1596
778 1604
911 2856
903 2848
911 2840
919 2832
927 2840
3035 987
3027 979
3035 971
3043 963
3051 971
2452 1493
2444 1485
2452 1477
2460 1469
2468 1477
1502 1631
1494 1623
1502 1615
1510 1607
1518 1615
811 2175
803 2167
811 2159
819 2151
827 2159
2614 2701
2606 2693
2614 2685
2622 2677
2630 2685
3266 1261
3258 1253
3266 1245
3274 1237
3282 1245
1967 3112
1959 3104
1967 3096
1975 3088
1983 3096
778 1812
770 1804
778 1796
786 1788
794 1796
1155 2460
1147 2452
1155 2444
1163 2436
1171 2444
368 383
360 375
368 367
376 359
384 367
815 1628
807 1620
815 1612
823 1604
831 1612
1830 1579
1822 1571
1830 1563
1838 1555
1846 1563
466 3330
458 3322
466 3314
474 3306
482 3314
304 3299
296 3291
304 3283
312 3275
320 3283
711 3214
703 3206
711 3198
719 3190
727 3198
190 2159
182 2151
190 2143
198 2135
206 2143
554 1983
546 1975
554 1967
562 1959
570 1967
7 2771
-1 2763
7 2755
15 2747
23 2755
11 3144
3 3136
11 3128
19 3120
27 3128
2171 2748
2163 2740
2171 2732
2179 2724
2187 2732
978 1597
970 1589
978 1581
986 1573
994 1581
3400 2813
3392 2805
3400 2797
3408 2789
3416 2797
705 653
697 645
705 637
713 629
721 637
1914 1288
1906 1280
1914 1272
1922 1264
1930 1272
2666 2569
2658 2561
2666 2553
2674 2545
2682 2553
3344 1960
3336 1952
3344 1944
3352 1936
3360 1944
2131 1081
2123 1073
2131 1065
2139 1057
2147 1065
403 646
395 638
403 630
411 622
419 630
2827 913
2819 905
2827 897
2835 889
2843 897
2147 2210
2139 2202
2147 2194
2155 2186
2163 2194
189 2455
181 2447
189 2439
197 2431
205 2439
1359 225
1351 217
1359 209
1367 201
1375 209
2506 154
2498 146
2506 138
2514 130
2522 138
2607 2060
2599 2052
2607 2044
2615 2036
2623 2044
3205 120
3197 112
3205 104
3213 96
3221 104
1286 3293
1278 3285
1286 3277
1294 3269
1302 3277
3395 3307
3387 3299
3395 3291
3403 3283
3411 3291
1871 1705
1863 1697
1871 1689
1879 1681
1887 1689
1471 857
1463 849
1471 841
1479 833
1487 841
769 1095
761 1087
769 1079
777 1071
785 1079
3419 2594
3411 2586
3419 2578
3427 2570
3435 2578
3186 95
3178 87
3186 79
3194 71
3202 79
563 2182
555 2174
563 2166
571 2158
579 2166
178 1655
170 1647
178 1639
186 1631
194 1639
2074 2856
2066 2848
2074 2840
2082 2832
2090 2840
1649 2070
1641 2062
1649 2054
1657 2046
1665 2054
1260 1688
1252 1680
1260 1672
1268 1664
1276 1672
3469 771
3461 763
3469 755
3477 747
3485 755
758 528
750 520
758 512
766 504
774 512
1838 1706
1830 1698
1838 1690
1846 1682
1854 1690
1971 1432
1963 1424
1971 1416
1979 1408
1987 1416
316 3423
308 3415
316 3407
324 3399
332 3407
3139 3094
3131 3086
3139 3078
3147 3070
3155 3078
2448 2048
2440 2040
2448 2032
2456 2024
2464 2032
2042 3487
2034 3479
2042 3471
2050 3463
2058 3471
344 2231
336 2223
344 2215
352 2207
360 2215
3255 845
3247 837
3255 829
3263 821
3271 829
2971 3129
2963 3121
2971 3113
2979 3105
2987 3113
2818 3369
2810 3361
2818 3353
2826 3345
2834 3353
2079 2408
2071 2400
2079 2392
2087 2384
2095 2392
1977 3246
1969 3238
1977 3230
1985 3222
1993 3230
2502 2077
2494 2069
2502 2061
2510 2053
2518 2061
2943 1027
2935 1019
2943 1011
2951 1003
2959 1011
389 561
381 553
389 545
397 537
405 545
1312 3251
1304 3243
1312 3235
1320 3227
1328 3235
1453 2421
1445 2413
1453 2405
1461 2397
1469 2405
2205 1791
2197 1783
2205 1775
2213 1767
2221 1775
208 2338
200 2330
208 2322
216 2314
224 2322
2937 2409
2929 2401
2937 2393
2945 2385
2953 2393
2807 1509
2799 1501
2807 1493
2815 1485
2823 1493
154 498
146 490
154 482
162 474
170 482
1558 291
1550 283
1558 275
1566 267
1574 275
1060 2933
1052 2925
1060 2917
1068 2909
1076 2917
2589 478
2581 470
2589 462
2597 454
2605 462
940 1336
932 1328
940 1320
948 1312
956 1320
757 1987
749 1979
757 1971
765 1963
773 1971
1681 711
1673 703
1681 695
1689 687
1697 695
1588 628
1580 620
1588 612
1596 604
1604 612
2027 667
2019 659
2027 651
2035 643
2043 651
3105 2959
3097 2951
3105 2943
3113 2935
3121 2943
1258 1044
1250 1036
1258 1028
1266 1020
1274 1028
703 3460
695 3452
703 3444
711 3436
719 3444
315 1782
307 1774
315 1766
323 1758
331 1766
685 2085
677 2077
685 2069
693 2061
701 2069
1151 252
1143 244
1151 236
1159 228
1167 236
2887 466
2879 458
2887 450
2895 442
2903 450
2886 644
2878 636
2886 628
2894 620
2902 628
134 1169
126 1161
134 1153
142 1145
150 1153
1183 102
1175 94
1183 86
1191 78
1199 86
608 497
600 489
608 481
616 473
624 481
3020 3471
3012 3463
3020 3455
3028 3447
3036 3455
1623 1779
1615 1771
1623 1763
1631 1755
1639 1763
2759 1079
2751 1071
2759 1063
2767 1055
2775 1063
1868 3451
1860 3443
1868 3435
1876 3427
1884 3435
2780 2775
2772 2767
2780 2759
2788 2751
2796 2759
