1020
2028 583
320 2436
453 951
1783 1281
824 1666
1739 2736
1522 2751
2149 1777
397 2843
1737 470
1166 2649
2088 2031
1172 1818
63 3305
3270 1659
3158 2007
801 1063
738 418
2618 116
3094 1820
577 109
1532 3303
3409 2242
1878 25
1583 70
663 1680
1746 766
1648 494
3368 585
557 1639
843 401
3135 370
320 1416
1972 922
1555 2609
2481 1397
2188 2320
2291 3185
634 431
3230 474
219 2984
2570 2222
1903 3171
2365 3131
2541 1357
1285 366
2759 2799
1465 1162
1170 711
922 2764
2137 1362
1272 1090
1155 1341
2088 55
319 1975
2753 2388
3098 2243
2801 2358
1975 2160
1632 302
1612 1776
827 616
1647 1217
3017 382
86 1498
442 3191
1554 1748
2419 3300
3485 2991
2164 2680
277 3061
3325 2229
848 3467
3386 2622
1708 871
635 1449
3247 1831
3017 836
1186 573
3133 3339
1987 1449
342 959
2651 2980
1529 2117
2589 272
936 616
371 920
440 802
2309 1453
933 921
2594 2010
429 2760
3480 617
3341 356
1422 2838
3359 3401
2104 1644
2151 1029
1350 3390
2403 2486
697 1299
97 2105
420 2849
3343 1026
638 3231
2994 1736
2868 2267
1418 1454
3332 1804
1292 3018
1697 1571
2492 1038
653 24
2524 1494
2901 1525
2370 2966
204 806
1645 2798
2176 2452
848 3365
3126 485
311 2461
2239 2341
2800 873
68 3325
688 3379
1833 3383
2902 1469
2906 2746
902 746
1266 3005
540 442
50 1203
1697 1889
1158 2429
2012 1448
1510 2934
567 1301
3363 832
1859 3099
166 1371
354 2543
1313 1215
490 927
1344 2496
633 2998
1495 970
588 3442
1622 2601
96 2776
46 73
2972 606
1179 2918
3144 1978
189 1574
1344 1368
1923 2305
1418 1537
2923 2237
2024 454
262 3159
363 967
983 455
2744 292
855 3056
1281 1213
3317 117
1818 1079
1461 2316
1816 1570
2020 591
2012 583
2020 575
2028 567
2036 575
312 2444
304 2436
312 2428
320 2420
328 2428
445 959
437 951
445 943
453 935
461 943
1775 1289
1767 1281
1775 1273
1783 1265
1791 1273
816 1674
808 1666
816 1658
824 1650
832 1658
1731 2744
1723 2736
1731 2728
1739 2720
1747 2728
1514 2759
1506 2751
1514 2743
1522 2735
1530 2743
2141 1785
2133 1777
2141 1769
2149 1761
2157 1769
389 2851
381 2843
389 2835
397 2827
405 2835
1729 478
1721 470
1729 462
1737 454
1745 462
1158 2657
1150 2649
1158 2641
1166 2633
1174 2641
2080 2039
2072 2031
2080 2023
2088 2015
2096 2023
1164 1826
1156 1818
1164 1810
1172 1802
1180 1810
55 3313
47 3305
55 3297
63 3289
71 3297
3262 1667
3254 1659
3262 1651
3270 1643
3278 1651
3150 2015
3142 2007
3150 1999
3158 1991
3166 1999
793 1071
785 1063
793 1055
801 1047
809 1055
730 426
722 418
730 410
738 402
746 410
2610 124
2602 116
2610 108
2618 100
2626 108
3086 1828
3078 1820
3086 1812
3094 1804
3102 1812
569 117
561 109
569 101
577 93
585 101
1524 3311
1516 3303
1524 3295
1532 3287
1540 3295
3401 2250
3393 2242
3401 2234
3409 2226
3417 2234
1870 33
1862 25
1870 17
1878 9
1886 17
1575 78
1567 70
1575 62
1583 54
1591 62
655 1688
647 1680
655 1672
663 1664
671 1672
1738 774
1730 766
1738 758
1746 750
1754 758
1640 502
1632 494
1640 486
1648 478
1656 486
3360 593
3352 585
3360 577
3368 569
3376 577
549 1647
541 1639
549 1631
557 1623
565 1631
835 409
827 401
835 393
843 385
851 393
3127 378
3119 370
3127 362
3135 354
3143 362
312 1424
304 1416
312 1408
320 1400
328 1408
1964 930
1956 922
1964 914
1972 906
1980 914
1547 2617
1539 2609
1547 2601
1555 2593
1563 2601
2473 1405
2465 1397
2473 1389
2481 1381
2489 1389
2180 2328
2172 2320
2180 2312
2188 2304
2196 2312
2283 3193
2275 3185
2283 3177
2291 3169
2299 3177
626 439
618 431
626 423
634 415
642 423
3222 482
3214 474
3222 466
3230 458
3238 466
211 2992
203 2984
211 2976
219 2968
227 2976
2562 2230
2554 2222
2562 2214
2570 2206
2578 2214
1895 3179
1887 3171
1895 3163
1903 3155
1911 3163
2357 3139
2349 3131
2357 3123
2365 3115
2373 3123
2533 1365
2525 1357
2533 1349
2541 1341
2549 1349
1277 374
1269 366
1277 358
1285 350
1293 358
2751 2807
2743 2799
2751 2791
2759 2783
2767 2791
1457 1170
1449 1162
1457 1154
1465 1146
1473 1154
1162 719
1154 711
1162 703
1170 695
1178 703
914 2772
906 2764
914 2756
922 2748
930 2756
2129 1370
2121 1362
2129 1354
2137 1346
2145 1354
1264 1098
1256 1090
1264 1082
1272 1074
1280 1082
1147 1349
1139 1341
1147 1333
1155 1325
1163 1333
2080 63
2072 55
2080 47
2088 39
2096 47
311 1983
303 1975
311 1967
319 1959
327 1967
2745 2396
2737 2388
2745 2380
2753 2372
2761 2380
3090 2251
3082 2243
3090 2235
3098 2227
3106 2235
2793 2366
2785 2358
2793 2350
2801 2342
2809 2350
1967 2168
1959 2160
1967 2152
1975 2144
1983 2152
1624 310
1616 302
1624 294
1632 286
1640 294
1604 1784
1596 1776
1604 1768
1612 1760
1620 1768
819 624
811 616
819 608
827 600
835 608
1639 1225
1631 1217
1639 1209
1647 1201
1655 1209
3009 390
3001 382
3009 374
3017 366
3025 374
78 1506
70 1498
78 1490
86 1482
94 1490
434 3199
426 3191
434 3183
442 3175
450 3183
1546 1756
1538 1748
1546 1740
1554 1732
1562 1740
2411 3308
2403 3300
2411 3292
2419 3284
2427 3292
3477 2999
3469 2991
3477 2983
3485 2975
3493 2983
2156 2688
2148 2680
2156 2672
2164 2664
2172 2672
269 3069
261 3061
269 3053
277 3045
285 3053
3317 2237
3309 2229
3317 2221
3325 2213
3333 2221
840 3475
832 3467
840 3459
848 3451
856 3459
3378 2630
3370 2622
3378 2614
3386 2606
3394 2614
1700 879
1692 871
1700 863
1708 855
1716 863
627 1457
619 1449
627 1441
635 1433
643 1441
3239 1839
3231 1831
3239 1823
3247 1815
3255 1823
3009 844
3001 836
3009 828
3017 820
3025 828
1178 581
1170 573
1178 565
1186 557
1194 565
3125 3347
3117 3339
3125 3331
3133 3323
3141 3331
1979 1457
1971 1449
1979 1441
1987 1433
1995 1441
334 967
326 959
334 951
342 943
350 951
2643 2988
2635 2980
2643 2972
2651 2964
2659 2972
1521 2125
1513 2117
1521 2109
1529 2101
1537 2109
2581 280
2573 272
2581 264
2589 256
2597 264
928 624
920 616
928 608
936 600
944 608
363 928
355 920
363 912
371 904
379 912
432 810
424 802
432 794
440 786
448 794
2301 1461
2293 1453
2301 1445
2309 1437
2317 1445
925 929
917 921
925 913
933 905
941 913
2586 2018
2578 2010
2586 2002
2594 1994
2602 2002
421 2768
413 2760
421 2752
429 2744
437 2752
3472 625
3464 617
3472 609
3480 601
3488 609
3333 364
3325 356
3333 348
3341 340
3349 348
1414 2846
1406 2838
1414 2830
1422 2822
1430 2830
3351 3409
3343 3401
3351 3393
3359 3385
3367 3393
2096 1652
2088 1644
2096 1636
2104 1628
2112 1636
2143 1037
2135 1029
2143 1021
2151 1013
2159 1021
1342 3398
1334 3390
1342 3382
1350 3374
1358 3382
2395 2494
2387 2486
2395 2478
2403 2470
2411 2478
689 1307
681 1299
689 1291
697 1283
705 1291
89 2113
81 2105
89 2097
97 2089
105 2097
412 2857
404 2849
412 2841
420 2833
428 2841
3335 1034
3327 1026
3335 1018
3343 1010
3351 1018
630 3239
622 3231
630 3223
638 3215
646 3223
2986 1744
2978 1736
2986 1728
2994 1720
3002 1728
2860 2275
2852 2267
2860 2259
2868 2251
2876 2259
1410 1462
1402 1454
1410 1446
1418 1438
1426 1446
3324 1812
3316 1804
3324 1796
3332 1788
3340 1796
1284 3026
1276 3018
1284 3010
1292 3002
1300 3010
1689 1579
1681 1571
1689 1563
1697 1555
1705 1563
2484 1046
2476 1038
2484 1030
2492 1022
2500 1030
645 32
637 24
645 16
653 8
661 16
2516 1502
2508 1494
2516 1486
2524 1478
2532 1486
2893 1533
2885 1525
2893 1517
2901 1509
2909 1517
2362 2974
2354 2966
2362 2958
2370 2950
2378 2958
196 814
188 806
196 798
204 790
212 798
1637 2806
1629 2798
1637 2790
1645 2782
1653 2790
2168 2460
2160 2452
2168 2444
2176 2436
2184 2444
840 3373
832 3365
840 3357
848 3349
856 3357
3118 493
3110 485
3118 477
3126 469
3134 477
303 2469
295 2461
303 2453
311 2445
319 2453
2231 2349
2223 2341
2231 2333
2239 2325
2247 2333
2792 881
2784 873
2792 865
2800 857
2808 865
60 3333
52 3325
60 3317
68 3309
76 3317
680 3387
672 3379
680 3371
688 3363
696 3371
1825 3391
1817 3383
1825 3375
1833 3367
1841 3375
2894 1477
2886 1469
2894 1461
2902 1453
2910 1461
2898 2754
2890 2746
2898 2738
2906 2730
2914 2738
894 754
886 746
894 738
902 730
910 738
1258 3013
1250 3005
1258 2997
1266 2989
1274 2997
532 450
524 442
532 434
540 426
548 434
42 1211
34 1203
42 1195
50 1187
58 1195
1689 1897
1681 1889
1689 1881
1697 1873
1705 1881
1150 2437
1142 2429
1150 2421
1158 2413
1166 2421
2004 1456
1996 1448
2004 1440
2012 1432
2020 1440
1502 2942
1494 2934
1502 2926
1510 2918
1518 2926
559 1309
551 1301
559 1293
567 1285
575 1293
3355 840
3347 832
3355 824
3363 816
3371 824
1851 3107
1843 3099
1851 3091
1859 3083
1867 3091
158 1379
150 1371
158 1363
166 1355
174 1363
346 2551
338 2543
346 2535
354 2527
362 2535
1305 1223
1297 1215
1305 1207
1313 1199
1321 1207
482 935
474 927
482 919
490 911
498 919
1336 2504
1328 2496
1336 2488
1344 2480
1352 2488
625 3006
617 2998
625 2990
633 2982
641 2990
1487 978
1479 970
1487 962
1495 954
1503 962
580 3450
572 3442
580 3434
588 3426
596 3434
1614 2609
1606 2601
1614 2593
1622 2585
1630 2593
88 2784
80 2776
88 2768
96 2760
104 2768
38 81
30 73
38 65
46 57
54 65
2964 614
2956 606
2964 598
2972 590
2980 598
1171 2926
1163 2918
1171 2910
1179 2902
1187 2910
3136 1986
3128 1978
3136 1970
3144 1962
3152 1970
181 1582
173 1574
181 1566
189 1558
197 1566
1336 1376
1328 1368
1336 1360
1344 1352
1352 1360
1915 2313
1907 2305
1915 2297
1923 2289
1931 2297
1410 1545
1402 1537
1410 1529
1418 1521
1426 1529
2915 2245
2907 2237
2915 2229
2923 2221
2931 2229
2016 462
2008 454
2016 446
2024 438
2032 446
254 3167
246 3159
254 3151
262 3143
270 3151
355 975
347 967
355 959
363 951
371 959
975 463
967 455
975 447
983 439
991 447
2736 300
2728 292
2736 284
2744 276
2752 284
847 3064
839 3056
847 3048
855 3040
863 3048
1273 1221
1265 1213
1273 1205
1281 1197
1289 1205
3309 125
3301 117
3309 109
3317 101
3325 109
1810 1087
1802 1079
1810 1071
1818 1063
1826 1071
1453 2324
1445 2316
1453 2308
1461 2300
1469 2308
1808 1578
1800 1570
1808 1562
1816 1554
1824 1562
