900
768 1760
1063 323
410 347
2999 425
1893 2516
1156 1632
926 1925
1338 1117
1735 722
2929 3251
1406 1348
1170 2129
3423 574
1191 1626
508 2521
1142 758
317 2792
859 962
218 3278
631 2788
2610 135
2438 2457
225 2241
1202 2246
1885 3139
1416 1199
2373 2306
207 305
2510 1906
2492 2343
1252 2912
1682 2048
2985 56
765 2034
916 2233
1187 2407
181 2584
462 254
376 3100
2939 1378
2101 3141
2236 1682
1749 288
1436 2460
893 1297
3043 639
2603 2174
509 2412
2779 3281
1723 1910
1330 668
1939 81
2433 2531
3129 3466
538 2586
1989 1382
3354 1156
2951 467
2713 1206
434 3421
803 3228
1377 2527
422 992
1048 3018
3171 77
1357 2921
2647 3462
2993 1755
3107 2795
3089 1483
3096 1213
3097 3040
1135 2606
2668 2895
3185 468
3179 2122
1983 3184
2714 2959
1347 1234
2081 1685
605 1182
3415 809
3163 1973
2356 1147
1907 500
874 3251
1687 927
609 381
1464 3023
1504 2503
1199 1986
2727 1373
3260 606
1017 2258
2952 219
804 837
895 2535
3283 2147
2586 391
22 2792
2988 3104
1458 1480
1474 950
1359 3113
2431 689
2893 2838
846 2730
2647 3092
3339 2540
3462 1691
994 3367
2994 1722
784 727
805 1491
2189 179
818 197
2799 1348
379 1848
879 1234
2468 2635
3463 3258
1554 1241
1887 619
1821 2764
139 2064
550 2088
2131 1164
3230 1430
450 443
1296 2454
1269 1623
2451 3351
410 3123
3264 170
1526 675
1961 2427
706 414
982 935
3050 3030
140 2938
1259 1794
671 1937
1008 2108
390 2747
283 2162
1623 3261
1651 1402
1117 2552
336 2371
578 2338
760 1768
752 1760
760 1752
768 1744
776 1752
1055 331
1047 323
1055 315
1063 307
1071 315
402 355
394 347
402 339
410 331
418 339
2991 433
2983 425
2991 417
2999 409
3007 417
1885 2524
1877 2516
1885 2508
1893 2500
1901 2508
1148 1640
1140 1632
1148 1624
1156 1616
1164 1624
918 1933
910 1925
918 1917
926 1909
934 1917
1330 1125
1322 1117
1330 1109
1338 1101
1346 1109
1727 730
1719 722
1727 714
1735 706
1743 714
2921 3259
2913 3251
2921 3243
2929 3235
2937 3243
1398 1356
1390 1348
1398 1340
1406 1332
1414 1340
1162 2137
1154 2129
1162 2121
1170 2113
1178 2121
3415 582
3407 574
3415 566
3423 558
3431 566
1183 1634
1175 1626
1183 1618
1191 1610
1199 1618
500 2529
492 2521
500 2513
508 2505
516 2513
1134 766
1126 758
1134 750
1142 742
1150 750
309 2800
301 2792
309 2784
317 2776
325 2784
851 970
843 962
851 954
859 946
867 954
210 3286
202 3278
210 3270
218 3262
226 3270
623 2796
615 2788
623 2780
631 2772
639 2780
2602 143
2594 135
2602 127
2610 119
2618 127
2430 2465
2422 2457
2430 2449
2438 2441
2446 2449
217 2249
209 2241
217 2233
225 2225
233 2233
1194 2254
1186 2246
1194 2238
1202 2230
1210 2238
1877 3147
1869 3139
1877 3131
1885 3123
1893 3131
1408 1207
1400 1199
1408 1191
1416 1183
1424 1191
2365 2314
2357 2306
2365 2298
2373 2290
2381 2298
199 313
191 305
199 297
207 289
215 297
2502 1914
2494 1906
2502 1898
2510 1890
2518 1898
2484 2351
2476 2343
2484 2335
2492 2327
2500 2335
1244 2920
1236 2912
1244 2904
1252 2896
1260 2904
1674 2056
1666 2048
1674 2040
1682 2032
1690 2040
2977 64
2969 56
2977 48
2985 40
2993 48
757 2042
749 2034
757 2026
765 2018
773 2026
908 2241
900 2233
908 2225
916 2217
924 2225
1179 2415
1171 2407
1179 2399
1187 2391
1195 2399
173 2592
165 2584
173 2576
181 2568
189 2576
454 262
446 254
454 246
462 238
470 246
368 3108
360 3100
368 3092
376 3084
384 3092
2931 1386
2923 1378
2931 1370
2939 1362
2947 1370
2093 3149
2085 3141
2093 3133
2101 3125
2109 3133
2228 1690
2220 1682
2228 1674
2236 1666
2244 1674
1741 296
1733 288
1741 280
1749 272
1757 280
1428 2468
1420 2460
1428 2452
1436 2444
1444 2452
885 1305
877 1297
885 1289
893 1281
901 1289
3035 647
3027 639
3035 631
3043 623
3051 631
2595 2182
2587 2174
2595 2166
2603 2158
2611 2166
501 2420
493 2412
501 2404
509 2396
517 2404
2771 3289
2763 3281
2771 3273
2779 3265
2787 3273
1715 1918
1707 1910
1715 1902
1723 1894
1731 1902
1322 676
1314 668
1322 660
1330 652
1338 660
1931 89
1923 81
1931 73
1939 65
1947 73
2425 2539
2417 2531
2425 2523
2433 2515
2441 2523
3121 3474
3113 3466
3121 3458
3129 3450
3137 3458
530 2594
522 2586
530 2578
538 2570
546 2578
1981 1390
1973 1382
1981 1374
1989 1366
1997 1374
3346 1164
3338 1156
3346 1148
3354 1140
3362 1148
2943 475
2935 467
2943 459
2951 451
2959 459
2705 1214
2697 1206
2705 1198
2713 1190
2721 1198
426 3429
418 3421
426 3413
434 3405
442 3413
795 3236
787 3228
795 3220
803 3212
811 3220
1369 2535
1361 2527
1369 2519
1377 2511
1385 2519
414 1000
406 992
414 984
422 976
430 984
1040 3026
1032 3018
1040 3010
1048 3002
1056 3010
3163 85
3155 77
3163 69
3171 61
3179 69
1349 2929
1341 2921
1349 2913
1357 2905
1365 2913
2639 3470
2631 3462
2639 3454
2647 3446
2655 3454
2985 1763
2977 1755
2985 1747
2993 1739
3001 1747
3099 2803
3091 2795
3099 2787
3107 2779
3115 2787
3081 1491
3073 1483
3081 1475
3089 1467
3097 1475
3088 1221
3080 1213
3088 1205
3096 1197
3104 1205
3089 3048
3081 3040
3089 3032
3097 3024
3105 3032
1127 2614
1119 2606
1127 2598
1135 2590
1143 2598
2660 2903
2652 2895
2660 2887
2668 2879
2676 2887
3177 476
3169 468
3177 460
3185 452
3193 460
3171 2130
3163 2122
3171 2114
3179 2106
3187 2114
1975 3192
1967 3184
1975 3176
1983 3168
1991 3176
2706 2967
2698 2959
2706 2951
2714 2943
2722 2951
1339 1242
1331 1234
1339 1226
1347 1218
1355 1226
2073 1693
2065 1685
2073 1677
2081 1669
2089 1677
597 1190
589 1182
597 1174
605 1166
613 1174
3407 817
3399 809
3407 801
3415 793
3423 801
3155 1981
3147 1973
3155 1965
3163 1957
3171 1965
2348 1155
2340 1147
2348 1139
2356 1131
2364 1139
1899 508
1891 500
1899 492
1907 484
1915 492
866 3259
858 3251
866 3243
874 3235
882 3243
1679 935
1671 927
1679 919
1687 911
1695 919
601 389
593 381
601 373
609 365
617 373
1456 3031
1448 3023
1456 3015
1464 3007
1472 3015
1496 2511
1488 2503
1496 2495
1504 2487
1512 2495
1191 1994
1183 1986
1191 1978
1199 1970
1207 1978
2719 1381
2711 1373
2719 1365
2727 1357
2735 1365
3252 614
3244 606
3252 598
3260 590
3268 598
1009 2266
1001 2258
1009 2250
1017 2242
1025 2250
2944 227
2936 219
2944 211
2952 203
2960 211
796 845
788 837
796 829
804 821
812 829
887 2543
879 2535
887 2527
895 2519
903 2527
3275 2155
3267 2147
3275 2139
3283 2131
3291 2139
2578 399
2570 391
2578 383
2586 375
2594 383
14 2800
6 2792
14 2784
22 2776
30 2784
2980 3112
2972 3104
2980 3096
2988 3088
2996 3096
1450 1488
1442 1480
1450 1472
1458 1464
1466 1472
1466 958
1458 950
1466 942
1474 934
1482 942
1351 3121
1343 3113
1351 3105
1359 3097
1367 3105
2423 697
2415 689
2423 681
2431 673
2439 681
2885 2846
2877 2838
2885 2830
2893 2822
2901 2830
838 2738
830 2730
838 2722
846 2714
854 2722
2639 3100
2631 3092
2639 3084
2647 3076
2655 3084
3331 2548
3323 2540
3331 2532
3339 2524
3347 2532
3454 1699
3446 1691
3454 1683
3462 1675
3470 1683
986 3375
978 3367
986 3359
994 3351
1002 3359
2986 1730
2978 1722
2986 1714
2994 1706
3002 1714
776 735
768 727
776 719
784 711
792 719
797 1499
789 1491
797 1483
805 1475
813 1483
2181 187
2173 179
2181 171
2189 163
2197 171
810 205
802 197
810 189
818 181
826 189
2791 1356
2783 1348
2791 1340
2799 1332
2807 1340
371 1856
363 1848
371 1840
379 1832
387 1840
871 1242
863 1234
871 1226
879 1218
887 1226
2460 2643
2452 2635
2460 2627
2468 2619
2476 2627
3455 3266
3447 3258
3455 3250
3463 3242
3471 3250
1546 1249
1538 1241
1546 1233
1554 1225
1562 1233
1879 627
1871 619
1879 611
1887 603
1895 611
1813 2772
1805 2764
1813 2756
1821 2748
1829 2756
131 2072
123 2064
131 2056
139 2048
147 2056
542 2096
534 2088
542 2080
550 2072
558 2080
2123 1172
2115 1164
2123 1156
2131 1148
2139 1156
3222 1438
3214 1430
3222 1422
3230 1414
3238 1422
442 451
434 443
442 435
450 427
458 435
1288 2462
1280 2454
1288 2446
1296 2438
1304 2446
1261 1631
1253 1623
1261 1615
1269 1607
1277 1615
2443 3359
2435 3351
2443 3343
2451 3335
2459 3343
402 3131
394 3123
402 3115
410 3107
418 3115
3256 178
3248 170
3256 162
3264 154
3272 162
1518 683
1510 675
1518 667
1526 659
1534 667
1953 2435
1945 2427
1953 2419
1961 2411
1969 2419
698 422
690 414
698 406
706 398
714 406
974 943
966 935
974 927
982 919
990 927
3042 3038
3034 3030
3042 3022
3050 3014
3058 3022
132 2946
124 2938
132 2930
140 2922
148 2930
1251 1802
1243 1794
1251 1786
1259 1778
1267 1786
663 1945
655 1937
663 1929
671 1921
679 1929
1000 2116
992 2108
1000 2100
1008 2092
1016 2100
382 2755
374 2747
382 2739
390 2731
398 2739
275 2170
267 2162
275 2154
283 2146
291 2154
1615 3269
1607 3261
1615 3253
1623 3245
1631 3253
1643 1410
1635 1402
1643 1394
1651 1386
1659 1394
1109 2560
1101 2552
1109 2544
1117 2536
1125 2544
328 2379
320 2371
328 2363
336 2355
344 2363
570 2346
562 2338
570 2330
578 2322
586 2330
