900
2204 1449
1944 3382
1687 2239
3410 927
3327 1839
13 727
2250 3341
299 478
2578 759
2504 1307
435 2591
1730 773
2562 3322
1223 1353
2488 1924
1733 3410
1484 3308
1842 3339
338 1681
1162 1444
2460 3280
2432 1946
2895 1744
2020 1912
553 649
48 1010
3341 138
522 837
2712 3322
3290 787
739 2815
189 678
380 2938
1907 3241
1258 668
1912 323
1742 3235
1965 2582
2974 2732
1410 1340
634 1546
1759 3326
2108 1357
26 3147
2970 2034
2766 2193
1423 299
369 3137
1058 2384
347 1149
2576 3177
44 2848
1272 2098
763 3125
1675 2421
2623 1475
1443 3431
1318 2304
1560 3044
3348 1657
246 2415
1505 683
596 1405
92 974
2830 1750
1887 350
1776 296
3386 1964
46 907
527 2986
2708 1573
1864 3048
1649 1255
1682 3302
1741 323
1858 188
612 1320
271 101
140 2912
543 1854
1330 2637
3003 2160
2866 2847
1597 2723
67 3022
1146 2654
3348 2962
259 2091
978 2132
3265 2292
2573 2905
1330 3300
3361 1982
1511 2445
2071 3383
3387 963
3325 1717
624 2908
1991 520
835 1376
1186 3338
1384 753
1141 649
1 2486
1436 419
1267 1436
1877 1660
327 1020
1755 3271
1279 873
3100 2586
2172 2111
3190 1627
1059 3057
3017 1309
659 813
759 374
987 202
838 2529
3351 2860
665 3416
2157 3120
3325 2763
2999 2300
2440 2942
2576 3415
2076 1463
1313 3050
2528 3073
2821 269
432 687
2459 2172
959 722
1613 3181
848 1613
1336 3458
488 2662
22 1115
1227 2490
1731 1643
1378 1094
2370 920
3309 362
2490 3070
3315 782
256 922
2917 3011
230 1057
1467 2661
3145 1311
2196 1457
2188 1449
2196 1441
2204 1433
2212 1441
1936 3390
1928 3382
1936 3374
1944 3366
1952 3374
1679 2247
1671 2239
1679 2231
1687 2223
1695 2231
3402 935
3394 927
3402 919
3410 911
3418 919
3319 1847
3311 1839
3319 1831
3327 1823
3335 1831
5 735
-3 727
5 719
13 711
21 719
2242 3349
2234 3341
2242 3333
2250 3325
2258 3333
291 486
283 478
291 470
299 462
307 470
2570 767
2562 759
2570 751
2578 743
2586 751
2496 1315
2488 1307
2496 1299
2504 1291
2512 1299
427 2599
419 2591
427 2583
435 2575
443 2583
1722 781
1714 773
1722 765
1730 757
1738 765
2554 3330
2546 3322
2554 3314
2562 3306
2570 3314
1215 1361
1207 1353
1215 1345
1223 1337
1231 1345
2480 1932
2472 1924
2480 1916
2488 1908
2496 1916
1725 3418
1717 3410
1725 3402
1733 3394
1741 3402
1476 3316
1468 3308
1476 3300
1484 3292
1492 3300
1834 3347
1826 3339
1834 3331
1842 3323
1850 3331
330 1689
322 1681
330 1673
338 1665
346 1673
1154 1452
1146 1444
1154 1436
1162 1428
1170 1436
2452 3288
2444 3280
2452 3272
2460 3264
2468 3272
2424 1954
2416 1946
2424 1938
2432 1930
2440 1938
2887 1752
2879 1744
2887 1736
2895 1728
2903 1736
2012 1920
2004 1912
2012 1904
2020 1896
2028 1904
545 657
537 649
545 641
553 633
561 641
40 1018
32 1010
40 1002
48 994
56 1002
3333 146
3325 138
3333 130
3341 122
3349 130
514 845
506 837
514 829
522 821
530 829
2704 3330
2696 3322
2704 3314
2712 3306
2720 3314
3282 795
3274 787
3282 779
3290 771
3298 779
731 2823
723 2815
731 2807
739 2799
747 2807
181 686
173 678
181 670
189 662
197 670
372 2946
364 2938
372 2930
380 2922
388 2930
1899 3249
1891 3241
1899 3233
1907 3225
1915 3233
1250 676
1242 668
1250 660
1258 652
1266 660
1904 331
1896 323
1904 315
1912 307
1920 315
1734 3243
1726 3235
1734 3227
1742 3219
1750 3227
1957 2590
1949 2582
1957 2574
1965 2566
1973 2574
2966 2740
2958 2732
2966 2724
2974 2716
2982 2724
1402 1348
1394 1340
1402 1332
1410 1324
1418 1332
626 1554
618 1546
626 1538
634 1530
642 1538
1751 3334
1743 3326
1751 3318
1759 3310
1767 3318
2100 1365
2092 1357
2100 1349
2108 1341
2116 1349
18 3155
10 3147
18 3139
26 3131
34 3139
2962 2042
2954 2034
2962 2026
2970 2018
2978 2026
2758 2201
2750 2193
2758 2185
2766 2177
2774 2185
1415 307
1407 299
1415 291
1423 283
1431 291
361 3145
353 3137
361 3129
369 3121
377 3129
1050 2392
1042 2384
1050 2376
1058 2368
1066 2376
339 1157
331 1149
339 1141
347 1133
355 1141
2568 3185
2560 3177
2568 3169
2576 3161
2584 3169
36 2856
28 2848
36 2840
44 2832
52 2840
1264 2106
1256 2098
1264 2090
1272 2082
1280 2090
755 3133
747 3125
755 3117
763 3109
771 3117
1667 2429
1659 2421
1667 2413
1675 2405
1683 2413
2615 1483
2607 1475
2615 1467
2623 1459
2631 1467
1435 3439
1427 3431
1435 3423
1443 3415
1451 3423
1310 2312
1302 2304
1310 2296
1318 2288
1326 2296
1552 3052
1544 3044
1552 3036
1560 3028
1568 3036
3340 1665
3332 1657
3340 1649
3348 1641
3356 1649
238 2423
230 2415
238 2407
246 2399
254 2407
1497 691
1489 683
1497 675
1505 667
1513 675
588 1413
580 1405
588 1397
596 1389
604 1397
84 982
76 974
84 966
92 958
100 966
2822 1758
2814 1750
2822 1742
2830 1734
2838 1742
1879 358
1871 350
1879 342
1887 334
1895 342
1768 304
1760 296
1768 288
1776 280
1784 288
3378 1972
3370 1964
3378 1956
3386 1948
3394 1956
38 915
30 907
38 899
46 891
54 899
519 2994
511 2986
519 2978
527 2970
535 2978
2700 1581
2692 1573
2700 1565
2708 1557
2716 1565
1856 3056
1848 3048
1856 3040
1864 3032
1872 3040
1641 1263
1633 1255
1641 1247
1649 1239
1657 1247
1674 3310
1666 3302
1674 3294
1682 3286
1690 3294
1733 331
1725 323
1733 315
1741 307
1749 315
1850 196
1842 188
1850 180
1858 172
1866 180
604 1328
596 1320
604 1312
612 1304
620 1312
263 109
255 101
263 93
271 85
279 93
132 2920
124 2912
132 2904
140 2896
148 2904
535 1862
527 1854
535 1846
543 1838
551 1846
1322 2645
1314 2637
1322 2629
1330 2621
1338 2629
2995 2168
2987 2160
2995 2152
3003 2144
3011 2152
2858 2855
2850 2847
2858 2839
2866 2831
2874 2839
1589 2731
1581 2723
1589 2715
1597 2707
1605 2715
59 3030
51 3022
59 3014
67 3006
75 3014
1138 2662
1130 2654
1138 2646
1146 2638
1154 2646
3340 2970
3332 2962
3340 2954
3348 2946
3356 2954
251 2099
243 2091
251 2083
259 2075
267 2083
970 2140
962 2132
970 2124
978 2116
986 2124
3257 2300
3249 2292
3257 2284
3265 2276
3273 2284
2565 2913
2557 2905
2565 2897
2573 2889
2581 2897
1322 3308
1314 3300
1322 3292
1330 3284
1338 3292
3353 1990
3345 1982
3353 1974
3361 1966
3369 1974
1503 2453
1495 2445
1503 2437
1511 2429
1519 2437
2063 3391
2055 3383
2063 3375
2071 3367
2079 3375
3379 971
3371 963
3379 955
3387 947
3395 955
3317 1725
3309 1717
3317 1709
3325 1701
3333 1709
616 2916
608 2908
616 2900
624 2892
632 2900
1983 528
1975 520
1983 512
1991 504
1999 512
827 1384
819 1376
827 1368
835 1360
843 1368
1178 3346
1170 3338
1178 3330
1186 3322
1194 3330
1376 761
1368 753
1376 745
1384 737
1392 745
1133 657
1125 649
1133 641
1141 633
1149 641
-7 2494
-15 2486
-7 2478
1 2470
9 2478
1428 427
1420 419
1428 411
1436 403
1444 411
1259 1444
1251 1436
1259 1428
1267 1420
1275 1428
1869 1668
1861 1660
1869 1652
1877 1644
1885 1652
319 1028
311 1020
319 1012
327 1004
335 1012
1747 3279
1739 3271
1747 3263
1755 3255
1763 3263
1271 881
1263 873
1271 865
1279 857
1287 865
3092 2594
3084 2586
3092 2578
3100 2570
3108 2578
2164 2119
2156 2111
2164 2103
2172 2095
2180 2103
3182 1635
3174 1627
3182 1619
3190 1611
3198 1619
1051 3065
1043 3057
1051 3049
1059 3041
1067 3049
3009 1317
3001 1309
3009 1301
3017 1293
3025 1301
651 821
643 813
651 805
659 797
667 805
751 382
743 374
751 366
759 358
767 366
979 210
971 202
979 194
987 186
995 194
830 2537
822 2529
830 2521
838 2513
846 2521
3343 2868
3335 2860
3343 2852
3351 2844
3359 2852
657 3424
649 3416
657 3408
665 3400
673 3408
2149 3128
2141 3120
2149 3112
2157 3104
2165 3112
3317 2771
3309 2763
3317 2755
3325 2747
3333 2755
2991 2308
2983 2300
2991 2292
2999 2284
3007 2292
2432 2950
2424 2942
2432 2934
2440 2926
2448 2934
2568 3423
2560 3415
2568 3407
2576 3399
2584 3407
2068 1471
2060 1463
2068 1455
2076 1447
2084 1455
1305 3058
1297 3050
1305 3042
1313 3034
1321 3042
2520 3081
2512 3073
2520 3065
2528 3057
2536 3065
2813 277
2805 269
2813 261
2821 253
2829 261
424 695
416 687
424 679
432 671
440 679
2451 2180
2443 2172
2451 2164
2459 2156
2467 2164
951 730
943 722
951 714
959 706
967 714
1605 3189
1597 3181
1605 3173
1613 3165
1621 3173
840 1621
832 1613
840 1605
848 1597
856 1605
1328 3466
1320 3458
1328 3450
1336 3442
1344 3450
480 2670
472 2662
480 2654
488 2646
496 2654
14 1123
6 1115
14 1107
22 1099
30 1107
1219 2498
1211 2490
1219 2482
1227 2474
1235 2482
1723 1651
1715 1643
1723 1635
1731 1627
1739 1635
1370 1102
1362 1094
1370 1086
1378 1078
1386 1086
2362 928
2354 920
2362 912
2370 904
2378 912
3301 370
3293 362
3301 354
3309 346
3317 354
2482 3078
2474 3070
2482 3062
2490 3054
2498 3062
3307 790
3299 782
3307 774
3315 766
3323 774
248 930
240 922
248 914
256 906
264 914
2909 3019
2901 3011
2909 3003
2917 2995
2925 3003
222 1065
214 1057
222 1049
230 1041
238 1049
1459 2669
1451 2661
1459 2653
1467 2645
1475 2653
3137 1319
3129 1311
3137 1303
3145 1295
3153 1303
