900
1769 2275
1420 735
1020 583
2347 2704
2636 1974
1617 812
2089 1720
854 3495
343 1010
1354 231
1959 1269
3184 1497
351 3021
403 3398
3049 3206
2865 1659
998 3206
1161 711
1618 945
3195 320
163 1062
3307 1565
278 2509
263 2326
2842 2079
280 1466
2217 2243
519 2557
2214 2312
2347 3473
2563 1535
1968 2167
2372 846
279 1709
2458 548
1145 77
1039 966
701 2517
3235 101
1060 770
393 2851
857 269
2291 1347
2216 576
2551 810
229 3328
3099 837
1048 845
2083 2028
1769 2016
1304 1212
2396 2596
1654 176
3282 1190
946 328
1997 1412
780 1243
2925 2490
1469 494
1713 3268
1023 1656
1888 127
822 3290
414 3055
2867 1383
359 2859
193 1224
1487 2433
866 885
2550 3371
1445 3154
2986 2922
875 3298
3219 2367
3309 412
96 2460
637 1539
211 1434
20 2475
1714 3003
2466 2896
1348 675
781 1153
460 2666
126 797
2172 241
1976 2477
2236 1512
1538 1367
3076 3057
777 1134
2592 901
999 1564
3474 847
226 2501
3326 1600
2366 559
2398 946
2602 1744
1018 2710
646 2702
1734 1802
1403 2604
858 20
1225 2564
1429 2694
3137 1136
1405 3411
2041 13
1437 468
2075 3078
2473 1708
3253 227
64 990
3112 773
1573 614
2145 3348
195 3276
2426 1420
119 2574
1089 442
2530 1204
2775 384
332 284
1266 1544
454 2773
1125 2547
1322 3485
1929 867
2011 2989
358 519
192 1136
342 1019
1675 2935
1355 36
2981 3174
1416 1133
942 3176
2337 287
1187 2090
2924 2771
2497 832
850 1172
1992 1695
608 242
30 2090
3429 994
2514 3416
1560 2016
3398 1563
1761 2283
1753 2275
1761 2267
1769 2259
1777 2267
1412 743
1404 735
1412 727
1420 719
1428 727
1012 591
1004 583
1012 575
1020 567
1028 575
2339 2712
2331 2704
2339 2696
2347 2688
2355 2696
2628 1982
2620 1974
2628 1966
2636 1958
2644 1966
1609 820
1601 812
1609 804
1617 796
1625 804
2081 1728
2073 1720
2081 1712
2089 1704
2097 1712
846 3503
838 3495
846 3487
854 3479
862 3487
335 1018
327 1010
335 1002
343 994
351 1002
1346 239
1338 231
1346 223
1354 215
1362 223
1951 1277
1943 1269
1951 1261
1959 1253
1967 1261
3176 1505
3168 1497
3176 1489
3184 1481
3192 1489
343 3029
335 3021
343 3013
351 3005
359 3013
395 3406
387 3398
395 3390
403 3382
411 3390
3041 3214
3033 3206
3041 3198
3049 3190
3057 3198
2857 1667
2849 1659
2857 1651
2865 1643
2873 1651
990 3214
982 3206
990 3198
998 3190
1006 3198
1153 719
1145 711
1153 703
1161 695
1169 703
1610 953
1602 945
1610 937
1618 929
1626 937
3187 328
3179 320
3187 312
3195 304
3203 312
155 1070
147 1062
155 1054
163 1046
171 1054
3299 1573
3291 1565
3299 1557
3307 1549
3315 1557
270 2517
262 2509
270 2501
278 2493
286 2501
255 2334
247 2326
255 2318
263 2310
271 2318
2834 2087
2826 2079
2834 2071
2842 2063
2850 2071
272 1474
264 1466
272 1458
280 1450
288 1458
2209 2251
2201 2243
2209 2235
2217 2227
2225 2235
511 2565
503 2557
511 2549
519 2541
527 2549
2206 2320
2198 2312
2206 2304
2214 2296
2222 2304
2339 3481
2331 3473
2339 3465
2347 3457
2355 3465
2555 1543
2547 1535
2555 1527
2563 1519
2571 1527
1960 2175
1952 2167
1960 2159
1968 2151
1976 2159
2364 854
2356 846
2364 838
2372 830
2380 838
271 1717
263 1709
271 1701
279 1693
287 1701
2450 556
2442 548
2450 540
2458 532
2466 540
1137 85
1129 77
1137 69
1145 61
1153 69
1031 974
1023 966
1031 958
1039 950
1047 958
693 2525
685 2517
693 2509
701 2501
709 2509
3227 109
3219 101
3227 93
3235 85
3243 93
1052 778
1044 770
1052 762
1060 754
1068 762
385 2859
377 2851
385 2843
393 2835
401 2843
849 277
841 269
849 261
857 253
865 261
2283 1355
2275 1347
2283 1339
2291 1331
2299 1339
2208 584
2200 576
2208 568
2216 560
2224 568
2543 818
2535 810
2543 802
2551 794
2559 802
221 3336
213 3328
221 3320
229 3312
237 3320
3091 845
3083 837
3091 829
3099 821
3107 829
1040 853
1032 845
1040 837
1048 829
1056 837
2075 2036
2067 2028
2075 2020
2083 2012
2091 2020
1761 2024
1753 2016
1761 2008
1769 2000
1777 2008
1296 1220
1288 1212
1296 1204
1304 1196
1312 1204
2388 2604
2380 2596
2388 2588
2396 2580
2404 2588
1646 184
1638 176
1646 168
1654 160
1662 168
3274 1198
3266 1190
3274 1182
3282 1174
3290 1182
938 336
930 328
938 320
946 312
954 320
1989 1420
1981 1412
1989 1404
1997 1396
2005 1404
772 1251
764 1243
772 1235
780 1227
788 1235
2917 2498
2909 2490
2917 2482
2925 2474
2933 2482
1461 502
1453 494
1461 486
1469 478
1477 486
1705 3276
1697 3268
1705 3260
1713 3252
1721 3260
1015 1664
1007 1656
1015 1648
1023 1640
1031 1648
1880 135
1872 127
1880 119
1888 111
1896 119
814 3298
806 3290
814 3282
822 3274
830 3282
406 3063
398 3055
406 3047
414 3039
422 3047
2859 1391
2851 1383
2859 1375
2867 1367
2875 1375
351 2867
343 2859
351 2851
359 2843
367 2851
185 1232
177 1224
185 1216
193 1208
201 1216
1479 2441
1471 2433
1479 2425
1487 2417
1495 2425
858 893
850 885
858 877
866 869
874 877
2542 3379
2534 3371
2542 3363
2550 3355
2558 3363
1437 3162
1429 3154
1437 3146
1445 3138
1453 3146
2978 2930
2970 2922
2978 2914
2986 2906
2994 2914
867 3306
859 3298
867 3290
875 3282
883 3290
3211 2375
3203 2367
3211 2359
3219 2351
3227 2359
3301 420
3293 412
3301 404
3309 396
3317 404
88 2468
80 2460
88 2452
96 2444
104 2452
629 1547
621 1539
629 1531
637 1523
645 1531
203 1442
195 1434
203 1426
211 1418
219 1426
12 2483
4 2475
12 2467
20 2459
28 2467
1706 3011
1698 3003
1706 2995
1714 2987
1722 2995
2458 2904
2450 2896
2458 2888
2466 2880
2474 2888
1340 683
1332 675
1340 667
1348 659
1356 667
773 1161
765 1153
773 1145
781 1137
789 1145
452 2674
444 2666
452 2658
460 2650
468 2658
118 805
110 797
118 789
126 781
134 789
2164 249
2156 241
2164 233
2172 225
2180 233
1968 2485
1960 2477
1968 2469
1976 2461
1984 2469
2228 1520
2220 1512
2228 1504
2236 1496
2244 1504
1530 1375
1522 1367
1530 1359
1538 1351
1546 1359
3068 3065
3060 3057
3068 3049
3076 3041
3084 3049
769 1142
761 1134
769 1126
777 1118
785 1126
2584 909
2576 901
2584 893
2592 885
2600 893
991 1572
983 1564
991 1556
999 1548
1007 1556
3466 855
3458 847
3466 839
3474 831
3482 839
218 2509
210 2501
218 2493
226 2485
234 2493
3318 1608
3310 1600
3318 1592
3326 1584
3334 1592
2358 567
2350 559
2358 551
2366 543
2374 551
2390 954
2382 946
2390 938
2398 930
2406 938
2594 1752
2586 1744
2594 1736
2602 1728
2610 1736
1010 2718
1002 2710
1010 2702
1018 2694
1026 2702
638 2710
630 2702
638 2694
646 2686
654 2694
1726 1810
1718 1802
1726 1794
1734 1786
1742 1794
1395 2612
1387 2604
1395 2596
1403 2588
1411 2596
850 28
842 20
850 12
858 4
866 12
1217 2572
1209 2564
1217 2556
1225 2548
1233 2556
1421 2702
1413 2694
1421 2686
1429 2678
1437 2686
3129 1144
3121 1136
3129 1128
3137 1120
3145 1128
1397 3419
1389 3411
1397 3403
1405 3395
1413 3403
2033 21
2025 13
2033 5
2041 -3
2049 5
1429 476
1421 468
1429 460
1437 452
1445 460
2067 3086
2059 3078
2067 3070
2075 3062
2083 3070
2465 1716
2457 1708
2465 1700
2473 1692
2481 1700
3245 235
3237 227
3245 219
3253 211
3261 219
56 998
48 990
56 982
64 974
72 982
3104 781
3096 773
3104 765
3112 757
3120 765
1565 622
1557 614
1565 606
1573 598
1581 606
2137 3356
2129 3348
2137 3340
2145 3332
2153 3340
187 3284
179 3276
187 3268
195 3260
203 3268
2418 1428
2410 1420
2418 1412
2426 1404
2434 1412
111 2582
103 2574
111 2566
119 2558
127 2566
1081 450
1073 442
1081 434
1089 426
1097 434
2522 1212
2514 1204
2522 1196
2530 1188
2538 1196
2767 392
2759 384
2767 376
2775 368
2783 376
324 292
316 284
324 276
332 268
340 276
1258 1552
1250 1544
1258 1536
1266 1528
1274 1536
446 2781
438 2773
446 2765
454 2757
462 2765
1117 2555
1109 2547
1117 2539
1125 2531
1133 2539
1314 3493
1306 3485
1314 3477
1322 3469
1330 3477
1921 875
1913 867
1921 859
1929 851
1937 859
2003 2997
1995 2989
2003 2981
2011 2973
2019 2981
350 527
342 519
350 511
358 503
366 511
184 1144
176 1136
184 1128
192 1120
200 1128
334 1027
326 1019
334 1011
342 1003
350 1011
1667 2943
1659 2935
1667 2927
1675 2919
1683 2927
1347 44
1339 36
1347 28
1355 20
1363 28
2973 3182
2965 3174
2973 3166
2981 3158
2989 3166
1408 1141
1400 1133
1408 1125
1416 1117
1424 1125
934 3184
926 3176
934 3168
942 3160
950 3168
2329 295
2321 287
2329 279
2337 271
2345 279
1179 2098
1171 2090
1179 2082
1187 2074
1195 2082
2916 2779
2908 2771
2916 2763
2924 2755
2932 2763
2489 840
2481 832
2489 824
2497 816
2505 824
842 1180
834 1172
842 1164
850 1156
858 1164
1984 1703
1976 1695
1984 1687
1992 1679
2000 1687
600 250
592 242
600 234
608 226
616 234
22 2098
14 2090
22 2082
30 2074
38 2082
3421 1002
3413 994
3421 986
3429 978
3437 986
2506 3424
2498 3416
2506 3408
2514 3400
2522 3408
1552 2024
1544 2016
1552 2008
1560 2000
1568 2008
3390 1571
3382 1563
3390 1555
3398 1547
3406 1555
